GOID	TERM	CORRECTED_PVALUE	UNCORRECTED_PVALUE	NUM_LIST_ANNOTATIONS	LIST_SIZE	TOTAL_NUM_ANNOTATIONS	POPULATION_SIZE	FDR_RATE	EXPECTED_FALSE_POSITIVES	ANNOTATED_GENES
GO:0120013	lipid transfer activity	0.039123625287102	0.00163015105362925	2	19	23	7166	24.00%	0.24	KES1, SFH5
GO:0003824	catalytic activity	0.0425787010568039	0.0017741125440335	13	19	2379	7166	12.00%	0.24	RPN2, LEU1, TSA1, TAL1, LYS1, TPA1, RIB4, GFA1, MKT1, ERG6, ARI1, ACS2, YKT6
