GOID	TERM	CORRECTED_PVALUE	UNCORRECTED_PVALUE	NUM_LIST_ANNOTATIONS	LIST_SIZE	TOTAL_NUM_ANNOTATIONS	POPULATION_SIZE	FDR_RATE	EXPECTED_FALSE_POSITIVES	ANNOTATED_GENES
GO:0051656	establishment of organelle localization	0.0746541602456187	0.000287131385560072	5	33	130	7166	24.00%	0.24	NSP1, ZUO1, MEX67, MLC1, GCS1
GO:0006102	isocitrate metabolic process	0.0792900740135357	0.000304961823128984	2	33	6	7166	13.00%	0.26	IDH1, IDH2
GO:0006458	'de novo' protein folding	0.0863045785454225	0.000331940686713163	3	33	30	7166	8.67%	0.26	HSP60, HSP82, ZUO1
